<?xml version="1.0" encoding="utf-8"?>
<COLLADA xmlns="http://www.collada.org/2005/11/COLLADASchema" version="1.4.1">
  <asset><contributor><author>Mixamo</author><authoring_tool>COLLADA Mixamo exporter</authoring_tool><comments></comments></contributor><created>2020-12-19T03:20:49Z</created><modified>2020-12-19T03:20:49Z</modified><revision></revision><title></title><unit meter="0.010000"/><up_axis>Y_UP</up_axis></asset>
  <library_animations>
    <animation id="mixamorig_Hips-anim" name="mixamorig_Hips"><source id="mixamorig_Hips-Matrix-animation-input"><float_array id="mixamorig_Hips-Matrix-animation-input-array" count="201">

0.000000 0.033333 0.066667 0.100000 0.133333 0.166667 0.200000 0.233333 0.266667 0.300000 0.333333 0.366667 0.400000 0.433333 0.466667 0.500000
0.533333 0.566667 0.600000 0.633333 0.666667 0.700000 0.733333 0.766667 0.800000 0.833333 0.866667 0.900000 0.933333 0.966667 1.000000 1.033333
1.066667 1.100000 1.133333 1.166667 1.200000 1.233333 1.266667 1.300000 1.333333 1.366667 1.400000 1.433333 1.466667 1.500000 1.533333 1.566667
1.600000 1.633333 1.666667 1.700000 1.733333 1.766667 1.800000 1.833333 1.866667 1.900000 1.933333 1.966667 2.000000 2.033333 2.066667 2.100000
2.133333 2.166667 2.200000 2.233333 2.266667 2.300000 2.333333 2.366667 2.400000 2.433333 2.466667 2.500000 2.533333 2.566667 2.600000 2.633333
2.666667 2.700000 2.733333 2.766667 2.800000 2.833333 2.866667 2.900000 2.933333 2.966667 3.000000 3.033333 3.066667 3.100000 3.133333 3.166667
3.200000 3.233333 3.266667 3.300000 3.333333 3.366667 3.400000 3.433333 3.466667 3.500000 3.533333 3.566667 3.600000 3.633333 3.666667 3.700000
3.733333 3.766667 3.800000 3.833333 3.866667 3.900000 3.933333 3.966667 4.000000 4.033333 4.066667 4.100000 4.133333 4.166667 4.200000 4.233333
4.266667 4.300000 4.333333 4.366667 4.400000 4.433333 4.466667 4.500000 4.533333 4.566667 4.600000 4.633333 4.666667 4.700000 4.733333 4.766667
4.800000 4.833333 4.866667 4.900000 4.933333 4.966667 5.000000 5.033333 5.066667 5.100000 5.133333 5.166667 5.200000 5.233333 5.266667 5.300000
5.333333 5.366667 5.400000 5.433333 5.466667 5.500000 5.533333 5.566667 5.600000 5.633333 5.666667 5.700000 5.733333 5.766667 5.800000 5.833333
5.866667 5.900000 5.933333 5.966667 6.000000 6.033333 6.066667 6.100000 6.133333 6.166667 6.200000 6.233333 6.266667 6.300000 6.333333 6.366667
6.400000 6.433333 6.466667 6.500000 6.533333 6.566667 6.600000 6.633333 6.666667</float_array><technique_common><accessor source="#mixamorig_Hips-Matrix-animation-input-array" count="201"><param name="TIME" type="float"/></accessor></technique_common></source><source id="mixamorig_Hips-Matrix-animation-output-transform"><float_array id="mixamorig_Hips-Matrix-animation-output-transform-array" count="3216">

0.999786 -0.011935 -0.016907 -0.198203 0.010401 0.996059 -0.088079 11.759314 0.017892 0.087885 0.995970 0.945346 0.000000 0.000000 0.000000 1.000000
0.999793 -0.012170 -0.016318 -0.196722 0.010691 0.996076 -0.087852 11.758473 0.017323 0.087659 0.996000 0.944089 0.000000 0.000000 0.000000 1.000000
0.999797 -0.012388 -0.015872 -0.195423 0.010951 0.996093 -0.087628 11.757523 0.016895 0.087436 0.996027 0.943282 0.000000 0.000000 0.000000 1.000000
0.999802 -0.012608 -0.015398 -0.193852 0.011216 0.996109 -0.087419 11.756163 0.016440 0.087229 0.996053 0.942734 0.000000 0.000000 0.000000 1.000000
0.999806 -0.012816 -0.014928 -0.192155 0.011466 0.996122 -0.087228 11.754553 0.015988 0.087040 0.996077 0.942546 0.000000 0.000000 0.000000 1.000000
0.999810 -0.012994 -0.014502 -0.190434 0.011683 0.996135 -0.087056 11.753234 0.015577 0.086871 0.996098 0.942850 0.000000 0.000000 0.000000 1.000000
0.999814 -0.013132 -0.014100 -0.188775 0.011858 0.996146 -0.086901 11.752546 0.015187 0.086717 0.996117 0.943656 0.000000 0.000000 0.000000 1.000000
0.999818 -0.013222 -0.013761 -0.187269 0.011980 0.996159 -0.086743 11.752459 0.014855 0.086563 0.996136 0.944954 0.000000 0.000000 0.000000 1.000000
0.999821 -0.013283 -0.013500 -0.185909 0.012066 0.996173 -0.086567 11.752642 0.014598 0.086389 0.996155 0.946635 0.000000 0.000000 0.000000 1.000000
0.999822 -0.013338 -0.013339 -0.184634 0.012138 0.996190 -0.086365 11.752828 0.014440 0.086188 0.996174 0.948449 0.000000 0.000000 0.000000 1.000000
0.999822 -0.013406 -0.013286 -0.183404 0.012213 0.996207 -0.086151 11.753002 0.014390 0.085973 0.996194 0.950021 0.000000 0.000000 0.000000 1.000000
0.999820 -0.013500 -0.013318 -0.182218 0.012306 0.996223 -0.085953 11.753189 0.014428 0.085773 0.996210 0.951006 0.000000 0.000000 0.000000 1.000000
0.999817 -0.013627 -0.013392 -0.181090 0.012429 0.996235 -0.085797 11.753330 0.014510 0.085615 0.996223 0.951299 0.000000 0.000000 0.000000 1.000000
0.999814 -0.013800 -0.013456 -0.179993 0.012597 0.996241 -0.085706 11.753580 0.014588 0.085520 0.996230 0.951177 0.000000 0.000000 0.000000 1.000000
0.999811 -0.014025 -0.013459 -0.178851 0.012822 0.996239 -0.085689 11.754494 0.014610 0.085500 0.996231 0.951233 0.000000 0.000000 0.000000 1.000000
0.999808 -0.014307 -0.013360 -0.177577 0.013110 0.996233 -0.085726 11.756503 0.014536 0.085534 0.996229 0.952138 0.000000 0.000000 0.000000 1.000000
0.999806 -0.014638 -0.013151 -0.176150 0.013458 0.996226 -0.085751 11.759453 0.014356 0.085557 0.996230 0.954413 0.000000 0.000000 0.000000 1.000000
0.999805 -0.015013 -0.012858 -0.174650 0.013857 0.996227 -0.085672 11.762709 0.014096 0.085477 0.996240 0.958331 0.000000 0.000000 0.000000 1.000000
0.999802 -0.015421 -0.012540 -0.173287 0.014295 0.996244 -0.085399 11.765653 0.013810 0.085203 0.996268 0.963949 0.000000 0.000000 0.000000 1.000000
0.999799 -0.015845 -0.012265 -0.172335 0.014748 0.996284 -0.084852 11.767822 0.013564 0.084654 0.996318 0.971143 0.000000 0.000000 0.000000 1.000000
0.999794 -0.016260 -0.012108 -0.172006 0.015187 0.996353 -0.083964 11.769001 0.013429 0.083763 0.996395 0.979700 0.000000 0.000000 0.000000 1.000000
0.999788 -0.016651 -0.012132 -0.172369 0.015592 0.996452 -0.082711 11.769400 0.013466 0.082505 0.996500 0.989420 0.000000 0.000000 0.000000 1.000000
0.999779 -0.017029 -0.012362 -0.173375 0.015971 0.996575 -0.081138 11.769567 0.013702 0.080922 0.996626 1.000165 0.000000 0.000000 0.000000 1.000000
0.999766 -0.017430 -0.012784 -0.174911 0.016362 0.996714 -0.079336 11.769930 0.014124 0.079108 0.996766 1.011822 0.000000 0.000000 0.000000 1.000000
0.999751 -0.017884 -0.013359 -0.176750 0.016798 0.996858 -0.077408 11.770483 0.014701 0.077164 0.996910 1.024214 0.000000 0.000000 0.000000 1.000000
0.999732 -0.018410 -0.014055 -0.178508 0.017299 0.997001 -0.075431 11.771105 0.015401 0.075168 0.997052 1.037089 0.000000 0.000000 0.000000 1.000000
0.999709 -0.019016 -0.014852 -0.179754 0.017875 0.997138 -0.073461 11.771894 0.016206 0.073174 0.997188 1.050242 0.000000 0.000000 0.000000 1.000000
0.999682 -0.019707 -0.015740 -0.180265 0.018533 0.997266 -0.071530 11.772972 0.017107 0.071215 0.997314 1.063646 0.000000 0.000000 0.000000 1.000000
0.999650 -0.020480 -0.016725 -0.180135 0.019268 0.997386 -0.069646 11.774125 0.018107 0.069300 0.997432 1.077426 0.000000 0.000000 0.000000 1.000000
0.999614 -0.021311 -0.017813 -0.179686 0.020058 0.997498 -0.067785 11.775141 0.019213 0.067402 0.997541 1.091753 0.000000 0.000000 0.000000 1.000000
0.999574 -0.022170 -0.018998 -0.179257 0.020873 0.997607 -0.065913 11.776156 0.020414 0.065488 0.997644 1.106788 0.000000 0.000000 0.000000 1.000000
0.999530 -0.023024 -0.020253 -0.179083 0.021685 0.997713 -0.064017 11.777428 0.021681 0.063548 0.997743 1.122612 0.000000 0.000000 0.000000 1.000000
0.999484 -0.023836 -0.021535 -0.179235 0.022458 0.997818 -0.062094 11.778944 0.022968 0.061578 0.997838 1.139060 0.000000 0.000000 0.000000 1.000000
0.999439 -0.024565 -0.022787 -0.179646 0.023156 0.997922 -0.060134 11.780505 0.024217 0.059573 0.997930 1.155744 0.000000 0.000000 0.000000 1.000000
0.999396 -0.025177 -0.023942 -0.180174 0.023749 0.998026 -0.058139 11.782071 0.025359 0.057536 0.998021 1.172298 0.000000 0.000000 0.000000 1.000000
0.999360 -0.025661 -0.024935 -0.180746 0.024229 0.998130 -0.056129 11.783698 0.026328 0.055489 0.998112 1.188573 0.000000 0.000000 0.000000 1.000000
0.999330 -0.026031 -0.025725 -0.181425 0.024609 0.998231 -0.054114 11.785179 0.027089 0.053445 0.998203 1.204574 0.000000 0.000000 0.000000 1.000000
0.999307 -0.026313 -0.026318 -0.182319 0.024916 0.998332 -0.052073 11.786043 0.027645 0.051381 0.998296 1.220339 0.000000 0.000000 0.000000 1.000000
0.999290 -0.026527 -0.026753 -0.183443 0.025166 0.998434 -0.049964 11.786246 0.028036 0.049255 0.998393 1.235904 0.000000 0.000000 0.000000 1.000000
0.999277 -0.026677 -0.027092 -0.184754 0.025362 0.998537 -0.047756 11.786355 0.028326 0.047034 0.998492 1.251294 0.000000 0.000000 0.000000 1.000000
0.999266 -0.026765 -0.027407 -0.186247 0.025501 0.998641 -0.045444 11.787127 0.028586 0.044712 0.998591 1.266488 0.000000 0.000000 0.000000 1.000000
0.999256 -0.026794 -0.027757 -0.187950 0.025584 0.998745 -0.043046 11.788638 0.028876 0.042304 0.998687 1.281381 0.000000 0.000000 0.000000 1.000000
0.999245 -0.026766 -0.028158 -0.189831 0.025611 0.998847 -0.040594 11.790090 0.029212 0.039842 0.998779 1.295745 0.000000 0.000000 0.000000 1.000000
0.999235 -0.026673 -0.028583 -0.191761 0.025575 0.998945 -0.038130 11.790633 0.029570 0.037370 0.998864 1.309257 0.000000 0.000000 0.000000 1.000000
0.999229 -0.026513 -0.028967 -0.193639 0.025473 0.999038 -0.035700 11.790300 0.029885 0.034935 0.998943 1.321620 0.000000 0.000000 0.000000 1.000000
0.999227 -0.026301 -0.029210 -0.195458 0.025323 0.999123 -0.033356 11.789967 0.030062 0.032591 0.999017 1.332662 0.000000 0.000000 0.000000 1.000000
0.999234 -0.026062 -0.029197 -0.197255 0.025151 0.999198 -0.031145 11.790304 0.029985 0.030387 0.999088 1.342272 0.000000 0.000000 0.000000 1.000000
0.999251 -0.025812 -0.028825 -0.198964 0.024973 0.999264 -0.029110 11.791110 0.029555 0.028369 0.999161 1.350263 0.000000 0.000000 0.000000 1.000000
0.999280 -0.025541 -0.028048 -0.200346 0.024776 0.999321 -0.027278 11.791829 0.028725 0.026563 0.999234 1.356372 0.000000 0.000000 0.000000 1.000000
0.999320 -0.025236 -0.026895 -0.201189 0.024547 0.999369 -0.025652 11.792213 0.027525 0.024975 0.999309 1.360412 0.000000 0.000000 0.000000 1.000000
0.999365 -0.024906 -0.025482 -0.201500 0.024290 0.999412 -0.024217 11.792469 0.026070 0.023583 0.999382 1.362436 0.000000 0.000000 0.000000 1.000000
0.999410 -0.024586 -0.023992 -0.201578 0.024036 0.999447 -0.022961 11.792810 0.024544 0.022371 0.999448 1.362787 0.000000 0.000000 0.000000 1.000000
0.999448 -0.024314 -0.022636 -0.201802 0.023819 0.999476 -0.021897 11.793298 0.023156 0.021346 0.999504 1.362025 0.000000 0.000000 0.000000 1.000000
0.999476 -0.024103 -0.021601 -0.202384 0.023649 0.999499 -0.021049 11.793936 0.022097 0.020527 0.999545 1.360635 0.000000 0.000000 0.000000 1.000000
0.999492 -0.023946 -0.021016 -0.203380 0.023517 0.999515 -0.020425 11.794633 0.021494 0.019921 0.999570 1.358693 0.000000 0.000000 0.000000 1.000000
0.999497 -0.023815 -0.020920 -0.204623 0.023397 0.999526 -0.020008 11.795235 0.021387 0.019508 0.999581 1.355908 0.000000 0.000000 0.000000 1.000000
0.999493 -0.023678 -0.021265 -0.205874 0.023258 0.999534 -0.019793 11.795491 0.021724 0.019289 0.999578 1.352010 0.000000 0.000000 0.000000 1.000000
0.999483 -0.023526 -0.021922 -0.207037 0.023093 0.999537 -0.019806 11.795480 0.022378 0.019290 0.999563 1.347030 0.000000 0.000000 0.000000 1.000000
0.999468 -0.023377 -0.022727 -0.208216 0.022922 0.999535 -0.020084 11.795692 0.023186 0.019552 0.999540 1.341162 0.000000 0.000000 0.000000 1.000000
0.999453 -0.023248 -0.023511 -0.209446 0.022763 0.999527 -0.020668 11.796300 0.023980 0.020122 0.999510 1.334506 0.000000 0.000000 0.000000 1.000000
0.999441 -0.023133 -0.024138 -0.210524 0.022613 0.999511 -0.021602 11.796200 0.024625 0.021044 0.999475 1.326900 0.000000 0.000000 0.000000 1.000000
0.999434 -0.023015 -0.024526 -0.211087 0.022454 0.999485 -0.022911 11.793909 0.025040 0.022347 0.999437 1.318032 0.000000 0.000000 0.000000 1.000000
0.999434 -0.022885 -0.024658 -0.210841 0.022279 0.999449 -0.024591 11.789522 0.025208 0.024028 0.999393 1.307837 0.000000 0.000000 0.000000 1.000000
0.999439 -0.022761 -0.024583 -0.209732 0.022105 0.999401 -0.026633 11.784758 0.025174 0.026075 0.999343 1.296822 0.000000 0.000000 0.000000 1.000000
0.999446 -0.022667 -0.024389 -0.207780 0.021956 0.999338 -0.029021 11.781080 0.025031 0.028469 0.999281 1.286049 0.000000 0.000000 0.000000 1.000000
0.999452 -0.022619 -0.024172 -0.204970 0.021848 0.999259 -0.031682 11.778471 0.024870 0.031136 0.999206 1.276686 0.000000 0.000000 0.000000 1.000000
0.999456 -0.022630 -0.023999 -0.201428 0.021795 0.999168 -0.034474 11.776301 0.024759 0.033932 0.999117 1.269426 0.000000 0.000000 0.000000 1.000000
0.999456 -0.022708 -0.023898 -0.197499 0.021809 0.999069 -0.037212 11.774607 0.024720 0.036671 0.999022 1.264188 0.000000 0.000000 0.000000 1.000000
0.999454 -0.022845 -0.023857 -0.193567 0.021886 0.998971 -0.039719 11.773555 0.024740 0.039176 0.998926 1.260291 0.000000 0.000000 0.000000 1.000000
0.999451 -0.023015 -0.023843 -0.189749 0.022004 0.998881 -0.041853 11.772444 0.024779 0.041306 0.998839 1.256972 0.000000 0.000000 0.000000 1.000000
0.999448 -0.023174 -0.023816 -0.185862 0.022122 0.998807 -0.043532 11.770029 0.024796 0.042981 0.998768 1.253787 0.000000 0.000000 0.000000 1.000000
0.999447 -0.023275 -0.023752 -0.181781 0.022195 0.998752 -0.044751 11.765864 0.024764 0.044199 0.998716 1.250643 0.000000 0.000000 0.000000 1.000000
0.999449 -0.023279 -0.023641 -0.177757 0.022184 0.998714 -0.045578 11.760732 0.024672 0.045029 0.998681 1.247529 0.000000 0.000000 0.000000 1.000000
0.999456 -0.023167 -0.023483 -0.174348 0.022065 0.998692 -0.046125 11.755888 0.024521 0.045581 0.998660 1.244289 0.000000 0.000000 0.000000 1.000000
0.999466 -0.022932 -0.023284 -0.172100 0.021830 0.998679 -0.046513 11.752128 0.024320 0.045980 0.998646 1.240654 0.000000 0.000000 0.000000 1.000000
0.999479 -0.022581 -0.023059 -0.171308 0.021482 0.998671 -0.046858 11.749424 0.024086 0.046339 0.998635 1.236481 0.000000 0.000000 0.000000 1.000000
0.999495 -0.022130 -0.022814 -0.171953 0.021034 0.998662 -0.047242 11.747202 0.023829 0.046739 0.998623 1.231904 0.000000 0.000000 0.000000 1.000000
0.999513 -0.021594 -0.022533 -0.173683 0.020501 0.998652 -0.047688 11.745030 0.023532 0.047203 0.998608 1.227266 0.000000 0.000000 0.000000 1.000000
0.999534 -0.020986 -0.022181 -0.175929 0.019898 0.998641 -0.048159 11.742994 0.023162 0.047695 0.998593 1.222891 0.000000 0.000000 0.000000 1.000000
0.999557 -0.020323 -0.021735 -0.178139 0.019248 0.998633 -0.048594 11.741509 0.022693 0.048154 0.998582 1.218959 0.000000 0.000000 0.000000 1.000000
0.999582 -0.019647 -0.021187 -0.179994 0.018591 0.998629 -0.048938 11.740789 0.022120 0.048524 0.998577 1.215534 0.000000 0.000000 0.000000 1.000000
0.999608 -0.019011 -0.020566 -0.181407 0.017981 0.998629 -0.049156 11.740533 0.021473 0.048767 0.998579 1.212633 0.000000 0.000000 0.000000 1.000000
0.999631 -0.018453 -0.019942 -0.182347 0.017453 0.998635 -0.049223 11.740387 0.020823 0.048856 0.998589 1.210242 0.000000 0.000000 0.000000 1.000000
0.999650 -0.017987 -0.019411 -0.182812 0.017015 0.998647 -0.049141 11.740460 0.020269 0.048794 0.998603 1.208310 0.000000 0.000000 0.000000 1.000000
0.999663 -0.017610 -0.019068 -0.182908 0.016659 0.998662 -0.048965 11.741159 0.019905 0.048630 0.998618 1.206704 0.000000 0.000000 0.000000 1.000000
0.999670 -0.017318 -0.018973 -0.182837 0.016375 0.998675 -0.048791 11.742514 0.019793 0.048465 0.998629 1.205147 0.000000 0.000000 0.000000 1.000000
0.999670 -0.017107 -0.019164 -0.182708 0.016156 0.998681 -0.048745 11.744009 0.019972 0.048419 0.998627 1.203259 0.000000 0.000000 0.000000 1.000000
0.999663 -0.016959 -0.019657 -0.182361 0.015980 0.998673 -0.048960 11.745237 0.020461 0.048629 0.998607 1.200733 0.000000 0.000000 0.000000 1.000000
0.999649 -0.016836 -0.020446 -0.181471 0.015805 0.998646 -0.049571 11.746340 0.021253 0.049231 0.998561 1.197451 0.000000 0.000000 0.000000 1.000000
0.999630 -0.016701 -0.021487 -0.179901 0.015594 0.998593 -0.050686 11.747885 0.022304 0.050332 0.998483 1.193485 0.000000 0.000000 0.000000 1.000000
0.999605 -0.016549 -0.022707 -0.177928 0.015342 0.998511 -0.052354 11.750243 0.023540 0.051985 0.998370 1.189061 0.000000 0.000000 0.000000 1.000000
0.999577 -0.016410 -0.024003 -0.176067 0.015080 0.998396 -0.054566 11.753262 0.024860 0.054181 0.998222 1.184543 0.000000 0.000000 0.000000 1.000000
0.999548 -0.016308 -0.025256 -0.174725 0.014840 0.998249 -0.057261 11.756529 0.026145 0.056860 0.998040 1.180304 0.000000 0.000000 0.000000 1.000000
0.999521 -0.016227 -0.026346 -0.173943 0.014614 0.998072 -0.060318 11.759778 0.027274 0.059904 0.997831 1.176553 0.000000 0.000000 0.000000 1.000000
0.999501 -0.016113 -0.027174 -0.173448 0.014358 0.997873 -0.063585 11.762972 0.028141 0.063163 0.997606 1.173280 0.000000 0.000000 0.000000 1.000000
0.999491 -0.015900 -0.027670 -0.172963 0.014018 0.997660 -0.066919 11.765958 0.028670 0.066497 0.997375 1.170335 0.000000 0.000000 0.000000 1.000000
0.999493 -0.015554 -0.027797 -0.172448 0.013569 0.997440 -0.070212 11.768459 0.028818 0.069799 0.997145 1.167506 0.000000 0.000000 0.000000 1.000000
0.999507 -0.015078 -0.027545 -0.172115 0.013021 0.997219 -0.073384 11.770518 0.028575 0.072989 0.996923 1.164619 0.000000 0.000000 0.000000 1.000000
0.999532 -0.014496 -0.026943 -0.172269 0.012401 0.997001 -0.076386 11.772526 0.027969 0.076016 0.996714 1.161671 0.000000 0.000000 0.000000 1.000000
0.999565 -0.013833 -0.026055 -0.173174 0.011731 0.996790 -0.079195 11.774814 0.027067 0.078855 0.996519 1.158843 0.000000 0.000000 0.000000 1.000000
0.999602 -0.013110 -0.024984 -0.174907 0.011026 0.996588 -0.081802 11.777443 0.025971 0.081494 0.996335 1.156332 0.000000 0.000000 0.000000 1.000000
0.999639 -0.012363 -0.023836 -0.177302 0.010316 0.996397 -0.084178 11.780219 0.024791 0.083902 0.996166 1.154162 0.000000 0.000000 0.000000 1.000000
0.999674 -0.011647 -0.022702 -0.180020 0.009647 0.996225 -0.086272 11.782795 0.023621 0.086025 0.996013 1.152204 0.000000 0.000000 0.000000 1.000000
0.999705 -0.011014 -0.021644 -0.182707 0.009069 0.996080 -0.087996 11.784846 0.022528 0.087774 0.995886 1.150332 0.000000 0.000000 0.000000 1.000000
0.999731 -0.010492 -0.020702 -0.185056 0.008605 0.995974 -0.089225 11.786371 0.021555 0.089023 0.995796 1.148623 0.000000 0.000000 0.000000 1.000000
0.999751 -0.010077 -0.019893 -0.186829 0.008251 0.995923 -0.089832 11.787704 0.020717 0.089645 0.995758 1.147458 0.000000 0.000000 0.000000 1.000000
0.999768 -0.009756 -0.019201 -0.187949 0.007995 0.995931 -0.089759 11.789230 0.019999 0.089585 0.995778 1.147421 0.000000 0.000000 0.000000 1.000000
0.999782 -0.009512 -0.018602 -0.188592 0.007819 0.995996 -0.089058 11.791052 0.019375 0.088893 0.995853 1.148879 0.000000 0.000000 0.000000 1.000000
0.999793 -0.009321 -0.018074 -0.189046 0.007698 0.996102 -0.087870 11.792983 0.018823 0.087713 0.995968 1.151575 0.000000 0.000000 0.000000 1.000000
0.999803 -0.009149 -0.017605 -0.189413 0.007595 0.996230 -0.086415 11.794728 0.018330 0.086265 0.996104 1.154578 0.000000 0.000000 0.000000 1.000000
0.999812 -0.008962 -0.017200 -0.189498 0.007470 0.996356 -0.084965 11.796165 0.017899 0.084820 0.996235 1.156660 0.000000 0.000000 0.000000 1.000000
0.999819 -0.008759 -0.016884 -0.189090 0.007315 0.996456 -0.083794 11.797621 0.017558 0.083655 0.996340 1.156797 0.000000 0.000000 0.000000 1.000000
0.999824 -0.008583 -0.016702 -0.188292 0.007166 0.996515 -0.083109 11.799537 0.017358 0.082975 0.996400 1.154532 0.000000 0.000000 0.000000 1.000000
0.999825 -0.008488 -0.016695 -0.187451 0.007074 0.996524 -0.083000 11.801903 0.017342 0.082867 0.996410 1.150071 0.000000 0.000000 0.000000 1.000000
0.999822 -0.008500 -0.016872 -0.186831 0.007064 0.996490 -0.083416 11.804197 0.017521 0.083282 0.996372 1.144085 0.000000 0.000000 0.000000 1.000000
0.999815 -0.008594 -0.017203 -0.186477 0.007117 0.996424 -0.084189 11.805996 0.017865 0.084051 0.996301 1.137303 0.000000 0.000000 0.000000 1.000000
0.999807 -0.008725 -0.017625 -0.186340 0.007195 0.996348 -0.085084 11.807192 0.018303 0.084941 0.996218 1.130190 0.000000 0.000000 0.000000 1.000000
0.999798 -0.008848 -0.018053 -0.186432 0.007266 0.996280 -0.085870 11.807819 0.018746 0.085722 0.996143 1.122903 0.000000 0.000000 0.000000 1.000000
0.999791 -0.008935 -0.018411 -0.186805 0.007313 0.996235 -0.086381 11.807963 0.019113 0.086228 0.996092 1.115446 0.000000 0.000000 0.000000 1.000000
0.999786 -0.008982 -0.018647 -0.187453 0.007336 0.996222 -0.086528 11.807833 0.019354 0.086373 0.996075 1.107816 0.000000 0.000000 0.000000 1.000000
0.999784 -0.009002 -0.018755 -0.188259 0.007351 0.996242 -0.086297 11.807699 0.019461 0.086140 0.996093 1.100060 0.000000 0.000000 0.000000 1.000000
0.999783 -0.009020 -0.018758 -0.189047 0.007380 0.996292 -0.085715 11.807734 0.019461 0.085558 0.996143 1.092226 0.000000 0.000000 0.000000 1.000000
0.999784 -0.009070 -0.018699 -0.189722 0.007453 0.996368 -0.084830 11.808061 0.019401 0.084672 0.996220 1.084379 0.000000 0.000000 0.000000 1.000000
0.999784 -0.009193 -0.018633 -0.190366 0.007603 0.996462 -0.083698 11.808848 0.019337 0.083539 0.996317 1.076643 0.000000 0.000000 0.000000 1.000000
0.999782 -0.009404 -0.018622 -0.191070 0.007839 0.996570 -0.082387 11.810326 0.019333 0.082223 0.996426 1.069200 0.000000 0.000000 0.000000 1.000000
0.999778 -0.009672 -0.018721 -0.191821 0.008126 0.996684 -0.080962 11.812629 0.019442 0.080792 0.996541 1.062185 0.000000 0.000000 0.000000 1.000000
0.999771 -0.009939 -0.018953 -0.192622 0.008403 0.996801 -0.079482 11.815597 0.019683 0.079304 0.996656 1.055590 0.000000 0.000000 0.000000 1.000000
0.999762 -0.010171 -0.019299 -0.193718 0.008637 0.996916 -0.078001 11.818728 0.020033 0.077816 0.996766 1.049301 0.000000 0.000000 0.000000 1.000000
0.999752 -0.010360 -0.019721 -0.195471 0.008822 0.997025 -0.076566 11.821542 0.020455 0.076373 0.996869 1.043181 0.000000 0.000000 0.000000 1.000000
0.999741 -0.010498 -0.020182 -0.198034 0.008953 0.997129 -0.075197 11.823827 0.020913 0.074996 0.996964 1.037141 0.000000 0.000000 0.000000 1.000000
0.999731 -0.010567 -0.020658 -0.201235 0.009014 0.997227 -0.073872 11.825578 0.021381 0.073666 0.997054 1.031165 0.000000 0.000000 0.000000 1.000000
0.999721 -0.010559 -0.021132 -0.204761 0.009000 0.997324 -0.072547 11.826805 0.021842 0.072336 0.997141 1.025301 0.000000 0.000000 0.000000 1.000000
0.999712 -0.010484 -0.021606 -0.208300 0.008921 0.997424 -0.071176 11.827568 0.022296 0.070963 0.997230 1.019650 0.000000 0.000000 0.000000 1.000000
0.999702 -0.010373 -0.022092 -0.211577 0.008810 0.997526 -0.069737 11.828164 0.022761 0.069522 0.997321 1.014369 0.000000 0.000000 0.000000 1.000000
0.999692 -0.010261 -0.022611 -0.214356 0.008697 0.997631 -0.068235 11.829068 0.023257 0.068017 0.997413 1.009618 0.000000 0.000000 0.000000 1.000000
0.999679 -0.010175 -0.023186 -0.216455 0.008608 0.997736 -0.066692 11.830710 0.023812 0.066471 0.997504 1.005452 0.000000 0.000000 0.000000 1.000000
0.999664 -0.010132 -0.023849 -0.217705 0.008559 0.997839 -0.065152 11.833187 0.024458 0.064926 0.997590 1.001797 0.000000 0.000000 0.000000 1.000000
0.999645 -0.010148 -0.024626 -0.217934 0.008562 0.997934 -0.063679 11.836090 0.025221 0.063446 0.997667 0.998488 0.000000 0.000000 0.000000 1.000000
0.999622 -0.010243 -0.025512 -0.217045 0.008636 0.998018 -0.062332 11.838845 0.026100 0.062088 0.997729 0.995357 0.000000 0.000000 0.000000 1.000000
0.999595 -0.010428 -0.026463 -0.215062 0.008794 0.998091 -0.061139 11.841114 0.027050 0.060882 0.997778 0.992263 0.000000 0.000000 0.000000 1.000000
0.999567 -0.010702 -0.027417 -0.212129 0.009039 0.998152 -0.060096 11.842955 0.028009 0.059822 0.997816 0.989161 0.000000 0.000000 0.000000 1.000000
0.999538 -0.011059 -0.028302 -0.208460 0.009369 0.998204 -0.059175 11.844589 0.028906 0.058883 0.997846 0.986119 0.000000 0.000000 0.000000 1.000000
0.999512 -0.011492 -0.029049 -0.204338 0.009782 0.998249 -0.058343 11.846219 0.029669 0.058031 0.997874 0.983240 0.000000 0.000000 0.000000 1.000000
0.999490 -0.011987 -0.029598 -0.200100 0.010267 0.998288 -0.057579 11.847899 0.030237 0.057245 0.997902 0.980547 0.000000 0.000000 0.000000 1.000000
0.999474 -0.012509 -0.029915 -0.196042 0.010792 0.998323 -0.056877 11.849616 0.030576 0.056524 0.997933 0.977939 0.000000 0.000000 0.000000 1.000000
0.999465 -0.013005 -0.030003 -0.192335 0.011301 0.998353 -0.056250 11.851300 0.030685 0.055881 0.997966 0.975266 0.000000 0.000000 0.000000 1.000000
0.999463 -0.013424 -0.029901 -0.189045 0.011742 0.998377 -0.055727 11.852789 0.030600 0.055346 0.997998 0.972432 0.000000 0.000000 0.000000 1.000000
0.999465 -0.013745 -0.029672 -0.186224 0.012087 0.998394 -0.055344 11.853850 0.030385 0.054955 0.998026 0.969421 0.000000 0.000000 0.000000 1.000000
0.999470 -0.013973 -0.029393 -0.183904 0.012337 0.998403 -0.055132 11.854384 0.030116 0.054740 0.998046 0.966220 0.000000 0.000000 0.000000 1.000000
0.999476 -0.014123 -0.029130 -0.182078 0.012501 0.998402 -0.055110 11.854657 0.029862 0.054717 0.998055 0.962799 0.000000 0.000000 0.000000 1.000000
0.999480 -0.014204 -0.028932 -0.180746 0.012589 0.998392 -0.055280 11.855061 0.029671 0.054887 0.998052 0.959162 0.000000 0.000000 0.000000 1.000000
0.999483 -0.014233 -0.028819 -0.179937 0.012613 0.998372 -0.055624 11.855666 0.029564 0.055232 0.998036 0.955362 0.000000 0.000000 0.000000 1.000000
0.999485 -0.014223 -0.028778 -0.179652 0.012591 0.998345 -0.056111 11.856227 0.029528 0.055720 0.998010 0.951462 0.000000 0.000000 0.000000 1.000000
0.999485 -0.014182 -0.028772 -0.179787 0.012533 0.998312 -0.056704 11.856541 0.029528 0.056314 0.997976 0.947489 0.000000 0.000000 0.000000 1.000000
0.999487 -0.014113 -0.028754 -0.180181 0.012446 0.998275 -0.057378 11.856653 0.029515 0.056991 0.997938 0.943456 0.000000 0.000000 0.000000 1.000000
0.999490 -0.014024 -0.028683 -0.180738 0.012338 0.998232 -0.058136 11.856603 0.029448 0.057753 0.997897 0.939359 0.000000 0.000000 0.000000 1.000000
0.999496 -0.013918 -0.028527 -0.181428 0.012215 0.998183 -0.059008 11.856320 0.029297 0.058630 0.997850 0.935167 0.000000 0.000000 0.000000 1.000000
0.999505 -0.013797 -0.028267 -0.182159 0.012080 0.998123 -0.060042 11.855727 0.029042 0.059670 0.997796 0.930760 0.000000 0.000000 0.000000 1.000000
0.999517 -0.013668 -0.027894 -0.182774 0.011937 0.998049 -0.061291 11.854425 0.028678 0.060929 0.997730 0.925868 0.000000 0.000000 0.000000 1.000000
0.999532 -0.013536 -0.027421 -0.183156 0.011792 0.997956 -0.062802 11.851570 0.028215 0.062449 0.997649 0.920119 0.000000 0.000000 0.000000 1.000000
0.999549 -0.013410 -0.026873 -0.183304 0.011651 0.997843 -0.064596 11.846710 0.027681 0.064254 0.997550 0.913310 0.000000 0.000000 0.000000 1.000000
0.999566 -0.013292 -0.026281 -0.183294 0.011515 0.997710 -0.066650 11.840690 0.027107 0.066319 0.997430 0.905665 0.000000 0.000000 0.000000 1.000000
0.999583 -0.013189 -0.025691 -0.183205 0.011392 0.997560 -0.068885 11.835056 0.026537 0.068564 0.997294 0.897870 0.000000 0.000000 0.000000 1.000000
0.999597 -0.013116 -0.025161 -0.183091 0.011296 0.997399 -0.071180 11.830658 0.026030 0.070868 0.997146 0.890832 0.000000 0.000000 0.000000 1.000000
0.999608 -0.013093 -0.024752 -0.183012 0.011244 0.997238 -0.073410 11.827427 0.025645 0.073103 0.996995 0.885291 0.000000 0.000000 0.000000 1.000000
0.999613 -0.013132 -0.024506 -0.183057 0.011249 0.997085 -0.075461 11.825136 0.025425 0.075156 0.996848 0.881507 0.000000 0.000000 0.000000 1.000000
0.999613 -0.013233 -0.024452 -0.183308 0.011308 0.996949 -0.077230 11.823855 0.025399 0.076923 0.996713 0.879228 0.000000 0.000000 0.000000 1.000000
0.999608 -0.013378 -0.024611 -0.183765 0.011404 0.996837 -0.078651 11.823377 0.025585 0.078339 0.996598 0.877949 0.000000 0.000000 0.000000 1.000000
0.999596 -0.013547 -0.024979 -0.184342 0.011516 0.996750 -0.079726 11.822910 0.025978 0.079407 0.996504 0.877329 0.000000 0.000000 0.000000 1.000000
0.999580 -0.013735 -0.025518 -0.184949 0.011639 0.996684 -0.080527 11.821516 0.026540 0.080196 0.996426 0.877336 0.000000 0.000000 0.000000 1.000000
0.999561 -0.013942 -0.026158 -0.185487 0.011778 0.996632 -0.081156 11.818792 0.027201 0.080813 0.996358 0.878051 0.000000 0.000000 0.000000 1.000000
0.999540 -0.014154 -0.026816 -0.185785 0.011919 0.996583 -0.081727 11.815189 0.027881 0.081370 0.996294 0.879394 0.000000 0.000000 0.000000 1.000000
0.999521 -0.014339 -0.027409 -0.185656 0.012038 0.996532 -0.082339 11.811560 0.028495 0.081969 0.996227 0.881044 0.000000 0.000000 0.000000 1.000000
0.999507 -0.014475 -0.027868 -0.185073 0.012115 0.996471 -0.083059 11.808409 0.028971 0.082680 0.996155 0.882588 0.000000 0.000000 0.000000 1.000000
0.999498 -0.014563 -0.028144 -0.184238 0.012155 0.996399 -0.083908 11.805662 0.029265 0.083524 0.996076 0.883752 0.000000 0.000000 0.000000 1.000000
0.999495 -0.014606 -0.028227 -0.183409 0.012163 0.996318 -0.084862 11.803122 0.029362 0.084476 0.995993 0.884533 0.000000 0.000000 0.000000 1.000000
0.999498 -0.014597 -0.028121 -0.182705 0.012133 0.996232 -0.085874 11.800748 0.029269 0.085489 0.995909 0.885118 0.000000 0.000000 0.000000 1.000000
0.999507 -0.014520 -0.027836 -0.182083 0.012052 0.996145 -0.086889 11.798616 0.028990 0.086510 0.995829 0.885661 0.000000 0.000000 0.000000 1.000000
0.999522 -0.014370 -0.027386 -0.181508 0.011913 0.996061 -0.087861 11.796809 0.028541 0.087493 0.995756 0.886130 0.000000 0.000000 0.000000 1.000000
0.999540 -0.014155 -0.026818 -0.181020 0.011723 0.995984 -0.088759 11.795462 0.027967 0.088404 0.995692 0.886356 0.000000 0.000000 0.000000 1.000000
0.999560 -0.013891 -0.026213 -0.180637 0.011492 0.995914 -0.089568 11.794651 0.027350 0.089228 0.995636 0.886178 0.000000 0.000000 0.000000 1.000000
0.999578 -0.013599 -0.025661 -0.180267 0.011231 0.995851 -0.090300 11.794096 0.026782 0.089974 0.995584 0.885564 0.000000 0.000000 0.000000 1.000000
0.999593 -0.013301 -0.025227 -0.179812 0.010955 0.995793 -0.090979 11.793386 0.026331 0.090666 0.995533 0.884591 0.000000 0.000000 0.000000 1.000000
0.999604 -0.013027 -0.024954 -0.179349 0.010689 0.995737 -0.091617 11.792375 0.026041 0.091314 0.995482 0.883381 0.000000 0.000000 0.000000 1.000000
0.999609 -0.012822 -0.024856 -0.179142 0.010479 0.995685 -0.092203 11.791196 0.025931 0.091907 0.995430 0.882074 0.000000 0.000000 0.000000 1.000000
0.999609 -0.012726 -0.024911 -0.179362 0.010364 0.995639 -0.092717 11.789738 0.025983 0.092422 0.995381 0.880833 0.000000 0.000000 0.000000 1.000000
0.999605 -0.012738 -0.025056 -0.179876 0.010353 0.995600 -0.093128 11.787603 0.026132 0.092831 0.995339 0.879807 0.000000 0.000000 0.000000 1.000000
0.999600 -0.012812 -0.025201 -0.180343 0.010406 0.995575 -0.093390 11.784596 0.026286 0.093090 0.995311 0.879085 0.000000 0.000000 0.000000 1.000000
0.999598 -0.012894 -0.025246 -0.180577 0.010481 0.995568 -0.093463 11.781061 0.026339 0.093161 0.995303 0.878704 0.000000 0.000000 0.000000 1.000000
0.999601 -0.012956 -0.025100 -0.180730 0.010560 0.995578 -0.093340 11.777585 0.026198 0.093037 0.995318 0.878727 0.000000 0.000000 0.000000 1.000000
0.999610 -0.012995 -0.024706 -0.181098 0.010643 0.995605 -0.093040 11.774611 0.025806 0.092741 0.995356 0.879313 0.000000 0.000000 0.000000 1.000000
0.999626 -0.013000 -0.024059 -0.181837 0.010720 0.995647 -0.092590 11.772292 0.025158 0.092297 0.995414 0.880693 0.000000 0.000000 0.000000 1.000000
0.999647 -0.012956 -0.023209 -0.182958 0.010769 0.995699 -0.092014 11.770564 0.024301 0.091732 0.995487 0.883067 0.000000 0.000000 0.000000 1.000000
0.999670 -0.012860 -0.022237 -0.184501 0.010778 0.995760 -0.091355 11.769172 0.023318 0.091085 0.995570 0.886469 0.000000 0.000000 0.000000 1.000000
0.999694 -0.012724 -0.021234 -0.186519 0.010749 0.995823 -0.090672 11.767863 0.022299 0.090416 0.995654 0.890752 0.000000 0.000000 0.000000 1.000000
0.999716 -0.012562 -0.020271 -0.188887 0.010688 0.995882 -0.090023 11.766462 0.021319 0.089781 0.995733 0.895673 0.000000 0.000000 0.000000 1.000000
0.999735 -0.012382 -0.019385 -0.191260 0.010600 0.995936 -0.089440 11.764947 0.020414 0.089210 0.995804 0.901003 0.000000 0.000000 0.000000 1.000000
0.999752 -0.012213 -0.018607 -0.193363 0.010511 0.995980 -0.088961 11.763352 0.019619 0.088743 0.995861 0.906624 0.000000 0.000000 0.000000 1.000000
0.999769 -0.012029 -0.017824 -0.195084 0.010407 0.996023 -0.088483 11.761681 0.018817 0.088277 0.995918 0.912543 0.000000 0.000000 0.000000 1.000000
0.999779 -0.011974 -0.017263 -0.196816 0.010406 0.996044 -0.088250 11.760023 0.018252 0.088051 0.995949 0.918962 0.000000 0.000000 0.000000 1.000000
0.999786 -0.011935 -0.016907 -0.198203 0.010401 0.996059 -0.088079 11.759314 0.017892 0.087885 0.995970 0.925757 0.000000 0.000000 0.000000 1.000000</float_array><technique_common><accessor source="#mixamorig_Hips-Matrix-animation-output-transform-array" count="201" stride="16"><param type="float4x4"/></accessor></technique_common></source><source id="mixamorig_Hips-Interpolations"><Name_array id="mixamorig_Hips-Interpolations-array" count="201">
 LINEAR LINEAR LINEAR LINEAR LINEAR LINEAR LINEAR LINEAR LINEAR LINEAR LINEAR
LINEAR LINEAR LINEAR LINEAR LINEAR LINEAR LINEAR LINEAR LINEAR LINEAR LINEAR LINEAR
LINEAR LINEAR LINEAR LINEAR LINEAR LINEAR LINEAR LINEAR LINEAR LINEAR LINEAR LINEAR
LINEAR LINEAR LINEAR LINEAR LINEAR LINEAR LINEAR LINEAR LINEAR LINEAR LINEAR LINEAR
LINEAR LINEAR LINEAR LINEAR LINEAR LINEAR LINEAR LINEAR LINEAR LINEAR LINEAR LINEAR
LINEAR LINEAR LINEAR LINEAR LINEAR LINEAR LINEAR LINEAR LINEAR LINEAR LINEAR LINEAR
LINEAR LINEAR LINEAR LINEAR LINEAR LINEAR LINEAR LINEAR LINEAR LINEAR LINEAR LINEAR
LINEAR LINEAR LINEAR LINEAR LINEAR LINEAR LINEAR LINEAR LINEAR LINEAR LINEAR LINEAR
LINEAR LINEAR LINEAR LINEAR LINEAR LINEAR LINEAR LINEAR LINEAR LINEAR LINEAR LINEAR
LINEAR LINEAR LINEAR LINEAR LINEAR LINEAR LINEAR LINEAR LINEAR LINEAR LINEAR LINEAR
LINEAR LINEAR LINEAR LINEAR LINEAR LINEAR LINEAR LINEAR LINEAR LINEAR LINEAR LINEAR
LINEAR LINEAR LINEAR LINEAR LINEAR LINEAR LINEAR LINEAR LINEAR LINEAR LINEAR LINEAR
LINEAR LINEAR LINEAR LINEAR LINEAR LINEAR LINEAR LINEAR LINEAR LINEAR LINEAR LINEAR
LINEAR LINEAR LINEAR LINEAR LINEAR LINEAR LINEAR LINEAR LINEAR LINEAR LINEAR LINEAR
LINEAR LINEAR LINEAR LINEAR LINEAR LINEAR LINEAR LINEAR LINEAR LINEAR LINEAR LINEAR
LINEAR LINEAR LINEAR LINEAR LINEAR LINEAR LINEAR LINEAR LINEAR LINEAR LINEAR LINEAR
LINEAR LINEAR LINEAR LINEAR LINEAR LINEAR LINEAR LINEAR LINEAR LINEAR</Name_array><technique_common><accessor source="#mixamorig_Hips-Interpolations-array" count="201"><param type="name"/></accessor></technique_common></source><sampler id="mixamorig_Hips-Matrix-animation-transform"><input semantic="INPUT" source="#mixamorig_Hips-Matrix-animation-input"/><input semantic="OUTPUT" source="#mixamorig_Hips-Matrix-animation-output-transform"/><input semantic="INTERPOLATION" source="#mixamorig_Hips-Interpolations"/></sampler><channel source="#mixamorig_Hips-Matrix-animation-transform" target="mixamorig_Hips/matrix"/></animation>
    <animation id="mixamorig_Spine-anim" name="mixamorig_Spine"><source id="mixamorig_Spine-Matrix-animation-input"><float_array id="mixamorig_Spine-Matrix-animation-input-array" count="201">

0.000000 0.033333 0.066667 0.100000 0.133333 0.166667 0.200000 0.233333 0.266667 0.300000 0.333333 0.366667 0.400000 0.433333 0.466667 0.500000
0.533333 0.566667 0.600000 0.633333 0.666667 0.700000 0.733333 0.766667 0.800000 0.833333 0.866667 0.900000 0.933333 0.966667 1.000000 1.033333
1.066667 1.100000 1.133333 1.166667 1.200000 1.233333 1.266667 1.300000 1.333333 1.366667 1.400000 1.433333 1.466667 1.500000 1.533333 1.566667
1.600000 1.633333 1.666667 1.700000 1.733333 1.766667 1.800000 1.833333 1.866667 1.900000 1.933333 1.966667 2.000000 2.033333 2.066667 2.100000
2.133333 2.166667 2.200000 2.233333 2.266667 2.300000 2.333333 2.366667 2.400000 2.433333 2.466667 2.500000 2.533333 2.566667 2.600000 2.633333
2.666667 2.700000 2.733333 2.766667 2.800000 2.833333 2.866667 2.900000 2.933333 2.966667 3.000000 3.033333 3.066667 3.100000 3.133333 3.166667
3.200000 3.233333 3.266667 3.300000 3.333333 3.366667 3.400000 3.433333 3.466667 3.500000 3.533333 3.566667 3.600000 3.633333 3.666667 3.700000
3.733333 3.766667 3.800000 3.833333 3.866667 3.900000 3.933333 3.966667 4.000000 4.033333 4.066667 4.100000 4.133333 4.166667 4.200000 4.233333
4.266667 4.300000 4.333333 4.366667 4.400000 4.433333 4.466667 4.500000 4.533333 4.566667 4.600000 4.633333 4.666667 4.700000 4.733333 4.766667
4.800000 4.833333 4.866667 4.900000 4.933333 4.966667 5.000000 5.033333 5.066667 5.100000 5.133333 5.166667 5.200000 5.233333 5.266667 5.300000
5.333333 5.366667 5.400000 5.433333 5.466667 5.500000 5.533333 5.566667 5.600000 5.633333 5.666667 5.700000 5.733333 5.766667 5.800000 5.833333
5.866667 5.900000 5.933333 5.966667 6.000000 6.033333 6.066667 6.100000 6.133333 6.166667 6.200000 6.233333 6.266667 6.300000 6.333333 6.366667
6.400000 6.433333 6.466667 6.500000 6.533333 6.566667 6.600000 6.633333 6.666667</float_array><technique_common><accessor source="#mixamorig_Spine-Matrix-animation-input-array" count="201"><param name="TIME" type="float"/></accessor></technique_common></source><source id="mixamorig_Spine-Matrix-animation-output-transform"><float_array id="mixamorig_Spine-Matrix-animation-output-transform-array" count="3216">

0.998414 0.055699 0.008188 0.000000 -0.044995 0.876898 -0.478565 1.379300 -0.033836 0.477438 0.878014 0.685600 0.000000 0.000000 0.000000 1.000000
0.998419 0.055595 0.008305 -0.000000 -0.044851 0.876948 -0.478487 1.379300 -0.033885 0.477358 0.878055 0.685600 0.000000 0.000000 0.000000 1.000000
0.998424 0.055487 0.008445 0.000000 -0.044689 0.876952 -0.478496 1.379300 -0.033956 0.477365 0.878049 0.685600 0.000000 0.000000 0.000000 1.000000
0.998428 0.055380 0.008589 0.000000 -0.044527 0.876963 -0.478490 1.379300 -0.034031 0.477355 0.878051 0.685600 0.000000 0.000000 0.000000 1.000000
0.998433 0.055287 0.008708 -0.000000 -0.044390 0.876990 -0.478454 1.379300 -0.034089 0.477318 0.878069 0.685600 0.000000 0.000000 0.000000 1.000000
0.998436 0.055220 0.008786 0.000000 -0.044298 0.877047 -0.478359 1.379300 -0.034120 0.477221 0.878121 0.685600 0.000000 0.000000 0.000000 1.000000
0.998437 0.055195 0.008831 -0.000000 -0.044262 0.877154 -0.478165 1.379300 -0.034138 0.477027 0.878225 0.685600 0.000000 0.000000 0.000000 1.000000
0.998435 0.055222 0.008887 0.000000 -0.044269 0.877314 -0.477871 1.379300 -0.034186 0.476729 0.878385 0.685600 0.000000 0.000000 0.000000 1.000000
0.998429 0.055304 0.009009 -0.000000 -0.044297 0.877503 -0.477522 1.379300 -0.034314 0.476373 0.878574 0.685600 0.000000 0.000000 0.000000 1.000000
0.998420 0.055438 0.009222 -0.000000 -0.044325 0.877675 -0.477201 1.379300 -0.034549 0.476038 0.878746 0.685600 0.000000 0.000000 0.000000 1.000000
0.998407 0.055609 0.009512 -0.000000 -0.044347 0.877800 -0.476970 1.379300 -0.034873 0.475788 0.878868 0.685600 0.000000 0.000000 0.000000 1.000000
0.998394 0.055785 0.009830 -0.000000 -0.044358 0.877896 -0.476792 1.379300 -0.035228 0.475591 0.878961 0.685600 0.000000 0.000000 0.000000 1.000000
0.998384 0.055911 0.010117 -0.000000 -0.044343 0.878049 -0.476512 1.379300 -0.035526 0.475294 0.879110 0.685600 0.000000 0.000000 0.000000 1.000000
0.998383 0.055909 0.010319 0.000000 -0.044270 0.878382 -0.475904 1.379300 -0.035672 0.474678 0.879436 0.685600 0.000000 0.000000 0.000000 1.000000
0.998393 0.055711 0.010404 0.000000 -0.044101 0.878992 -0.474793 1.379300 -0.035596 0.473571 0.880036 0.685600 0.000000 0.000000 0.000000 1.000000
0.998416 0.055299 0.010371 0.000000 -0.043819 0.879892 -0.473149 1.379300 -0.035290 0.471945 0.880921 0.685600 0.000000 0.000000 0.000000 1.000000
0.998449 0.054725 0.010246 0.000000 -0.043453 0.880995 -0.471127 1.379300 -0.034809 0.469951 0.882006 0.685600 0.000000 0.000000 0.000000 1.000000
0.998485 0.054096 0.010073 0.000000 -0.043062 0.882147 -0.469001 1.379300 -0.034257 0.467856 0.883140 0.685600 0.000000 0.000000 0.000000 1.000000
